100
4000000 2000000
4000000 2000000
4000000 2000000
4000000 2000000
4000000 2000000
4000000 2000000
4000000 2000000
4000000 2000000
4000000 2000000
4000000 2000000
4000000 2000000
4000000 2000000
4000000 2000000
4000000 2000000
4000000 2000000
4000000 2000000
4000000 2000000
4000000 2000000
4000000 2000000
4000000 2000000
4000000 2000000
4000000 2000000
4000000 2000000
4000000 2000000
4000000 2000000
4000000 2000000
4000000 2000000
4000000 2000000
4000000 2000000
4000000 2000000
4000000 2000000
4000000 2000000
4000000 2000000
4000000 2000000
4000000 2000000
4000000 2000000
4000000 2000000
4000000 2000000
4000000 2000000
4000000 2000000
4000000 2000000
4000000 2000000
4000000 2000000
4000000 2000000
4000000 2000000
4000000 2000000
4000000 2000000
4000000 2000000
4000000 2000000
4000000 2000000
4000000 2000000
4000000 2000000
4000000 2000000
4000000 2000000
4000000 2000000
4000000 2000000
4000000 2000000
4000000 2000000
4000000 2000000
4000000 2000000
4000000 2000000
4000000 2000000
4000000 2000000
4000000 2000000
4000000 2000000
4000000 2000000
4000000 2000000
4000000 2000000
4000000 2000000
4000000 2000000
4000000 2000000
4000000 2000000
4000000 2000000
4000000 2000000
4000000 2000000
4000000 2000000
4000000 2000000
4000000 2000000
4000000 2000000
4000000 2000000
4000000 2000000
4000000 2000000
4000000 2000000
4000000 2000000
4000000 2000000
4000000 2000000
4000000 2000000
4000000 2000000
4000000 2000000
4000000 2000000
4000000 2000000
4000000 2000000
4000000 2000000
4000000 2000000
4000000 2000000
4000000 2000000
4000000 2000000
4000000 2000000
4000000 2000000
4000000 2000000
